Archive01
7999.28	0.333132
7995.42	0.33356
7991.57	0.33255
7987.71	0.320385
7983.86	0.312048
7980	0.317934
7976.15	0.32267
7972.29	0.326024
7968.44	0.321737
7964.58	0.316506
7960.73	0.315231
7956.88	0.320945
7953.02	0.330238
7949.17	0.327947
7945.31	0.32148
7941.46	0.319409
7937.6	0.317703
7933.75	0.317119
7929.89	0.323052
7926.04	0.330876
7922.18	0.334767
7918.33	0.324354
7914.47	0.322634
7910.62	0.319871
7906.76	0.315438
7902.91	0.321542
7899.05	0.326548
7895.2	0.321645
7891.34	0.31199
7887.49	0.311164
7883.63	0.308664
7879.78	0.302703
7875.92	0.311754
7872.07	0.318391
7868.21	0.319071
7864.36	0.32268
7860.5	0.323944
7856.65	0.319725
7852.79	0.307789
7848.94	0.303048
7845.08	0.306664
7841.23	0.30328
7837.37	0.304383
7833.52	0.312848
7829.66	0.325048
7825.81	0.327767
7821.95	0.323948
7818.1	0.321996
7814.24	0.315626
7810.39	0.311103
7806.53	0.312332
7802.68	0.311294
7798.82	0.312731
7794.97	0.318048
7791.11	0.315795
7787.26	0.310193
7783.4	0.309018
7779.55	0.312666
7775.69	0.320168
7771.84	0.317695
7767.98	0.314923
7764.13	0.317202
7760.27	0.315433
7756.42	0.310382
7752.56	0.305895
7748.71	0.304552
7744.85	0.301819
7741	0.304812
7737.14	0.309643
7733.29	0.311955
7729.43	0.31083
7725.58	0.31508
7721.72	0.320577
7717.87	0.325211
7714.01	0.322633
7710.16	0.315037
7706.3	0.306166
7702.45	0.302223
7698.59	0.306826
7694.74	0.310664
7690.88	0.314941
7687.03	0.316006
7683.17	0.313836
7679.32	0.312745
7675.46	0.308897
7671.61	0.304661
7667.75	0.305719
7663.9	0.308163
7660.04	0.314771
7656.19	0.317855
7652.33	0.316559
7648.48	0.316731
7644.62	0.314957
7640.77	0.315861
7636.91	0.316464
7633.06	0.315872
7629.2	0.318971
7625.35	0.316183
7621.49	0.311403
7617.64	0.312008
7613.78	0.313749
7609.93	0.314497
7606.07	0.306976
7602.22	0.301821
7598.36	0.308456
7594.51	0.313867
7590.65	0.31164
7586.8	0.310604
7582.94	0.311708
7579.09	0.313609
7575.23	0.313919
7571.38	0.310684
7567.52	0.310865
7563.67	0.309275
7559.81	0.301731
7555.96	0.30101
7552.1	0.305305
7548.25	0.310216
7544.39	0.313532
7540.54	0.311173
7536.68	0.311836
7532.83	0.313704
7528.97	0.314543
7525.12	0.312847
7521.26	0.30638
7517.41	0.307316
7513.55	0.312323
7509.7	0.315642
7505.84	0.316306
7501.99	0.313208
7498.13	0.312081
7494.28	0.311357
7490.42	0.310669
7486.57	0.309496
7482.71	0.308775
7478.86	0.309856
7475	0.306646
7471.15	0.306068
7467.29	0.309908
7463.44	0.311949
7459.58	0.312397
7455.73	0.312637
7451.87	0.313766
7448.02	0.31373
7444.16	0.310745
7440.31	0.311379
7436.45	0.317348
7432.6	0.319115
7428.74	0.318614
7424.89	0.318271
7421.03	0.313226
7417.18	0.311386
7413.32	0.315472
7409.47	0.318328
7405.61	0.315037
7401.76	0.31295
7397.9	0.318038
7394.05	0.318944
7390.19	0.319771
7386.34	0.318959
7382.48	0.312659
7378.63	0.311519
7374.77	0.31848
7370.92	0.323757
7367.06	0.323569
7363.21	0.320368
7359.35	0.318358
7355.5	0.316564
7351.64	0.312355
7347.79	0.309658
7343.93	0.310246
7340.08	0.307957
7336.22	0.312484
7332.37	0.320762
7328.51	0.325826
7324.66	0.326693
7320.8	0.324087
7316.95	0.318405
7313.09	0.313128
7309.24	0.314841
7305.38	0.315472
7301.53	0.311048
7297.67	0.307747
7293.82	0.309354
7289.96	0.317016
7286.11	0.32033
7282.25	0.321609
7278.4	0.322161
7274.54	0.319712
7270.69	0.316905
7266.83	0.317602
7262.98	0.321194
7259.12	0.318138
7255.27	0.315938
7251.41	0.320009
7247.56	0.321745
7243.7	0.319178
7239.85	0.314134
7235.99	0.312757
7232.14	0.315447
7228.28	0.31811
7224.43	0.319529
7220.57	0.317916
7216.72	0.316229
7212.86	0.319491
7209.01	0.324209
7205.15	0.32458
7201.3	0.320636
7197.44	0.318959
7193.59	0.318178
7189.73	0.31953
7185.88	0.324976
7182.02	0.328475
7178.17	0.325733
7174.31	0.32396
7170.46	0.326753
7166.6	0.329604
7162.75	0.33108
7158.9	0.334945
7155.04	0.336229
7151.19	0.33585
7147.33	0.334703
7143.48	0.333977
7139.62	0.333457
7135.77	0.329218
7131.91	0.327422
7128.06	0.330147
7124.2	0.333437
7120.35	0.334504
7116.49	0.33506
7112.64	0.338629
7108.78	0.340159
7104.93	0.33768
7101.07	0.338889
7097.22	0.34247
7093.36	0.341221
7089.51	0.339972
7085.65	0.343507
7081.8	0.346213
7077.94	0.344769
7074.09	0.346742
7070.23	0.349148
7066.38	0.348379
7062.52	0.343392
7058.67	0.33995
7054.81	0.336942
7050.96	0.335219
7047.1	0.334972
7043.25	0.337285
7039.39	0.341053
7035.54	0.342786
7031.68	0.342072
7027.83	0.340407
7023.97	0.338904
7020.12	0.33769
7016.26	0.336963
7012.41	0.334765
7008.55	0.331663
7004.7	0.331196
7000.84	0.331596
6996.99	0.331923
6993.13	0.332014
6989.28	0.330262
6985.42	0.329036
6981.57	0.33053
6977.71	0.331223
6973.86	0.331234
6970	0.331994
6966.15	0.331184
6962.29	0.328824
6958.44	0.328883
6954.58	0.328893
6950.73	0.329726
6946.87	0.32758
6943.02	0.324238
6939.16	0.323202
6935.31	0.323759
6931.45	0.324445
6927.6	0.324273
6923.74	0.32492
6919.89	0.325933
6916.03	0.325752
6912.18	0.32605
6908.32	0.326921
6904.47	0.327525
6900.61	0.327103
6896.76	0.325057
6892.9	0.321595
6889.05	0.320242
6885.19	0.320182
6881.34	0.321206
6877.48	0.323931
6873.63	0.326258
6869.77	0.32505
6865.92	0.324367
6862.06	0.323916
6858.21	0.323431
6854.35	0.322205
6850.5	0.321442
6846.64	0.322385
6842.79	0.321459
6838.93	0.320583
6835.08	0.32202
6831.22	0.323031
6827.37	0.322266
6823.51	0.321275
6819.66	0.321482
6815.8	0.320554
6811.95	0.319153
6808.09	0.319168
6804.24	0.320793
6800.38	0.321273
6796.53	0.3211
6792.67	0.321016
6788.82	0.320285
6784.96	0.319477
6781.11	0.319992
6777.25	0.320036
6773.4	0.320083
6769.54	0.321566
6765.69	0.322076
6761.83	0.32095
6757.98	0.319473
6754.12	0.319676
6750.27	0.320134
6746.41	0.321292
6742.56	0.322337
6738.7	0.32053
6734.85	0.318711
6730.99	0.317382
6727.14	0.317887
6723.28	0.319764
6719.43	0.321006
6715.57	0.320344
6711.72	0.318988
6707.86	0.317568
6704.01	0.316206
6700.15	0.317039
6696.3	0.317077
6692.44	0.317198
6688.59	0.319021
6684.73	0.319046
6680.88	0.31717
6677.02	0.315915
6673.17	0.316496
6669.31	0.317388
6665.46	0.317158
6661.6	0.31551
6657.75	0.314958
6653.89	0.316413
6650.04	0.317188
6646.18	0.316223
6642.33	0.316574
6638.47	0.31655
6634.62	0.31593
6630.76	0.31511
6626.91	0.314052
6623.05	0.313944
6619.2	0.314363
6615.34	0.314616
6611.49	0.313313
6607.63	0.312823
6603.78	0.313964
6599.92	0.315405
6596.07	0.315732
6592.21	0.315531
6588.36	0.314911
6584.5	0.313877
6580.65	0.314271
6576.79	0.314184
6572.94	0.313574
6569.08	0.313431
6565.23	0.312522
6561.37	0.313241
6557.52	0.314159
6553.66	0.314121
6549.81	0.314183
6545.95	0.314423
6542.1	0.314904
6538.24	0.314639
6534.39	0.313578
6530.53	0.312451
6526.68	0.311417
6522.82	0.311127
6518.97	0.312498
6515.11	0.312783
6511.26	0.311897
6507.4	0.3113
6503.55	0.311361
6499.69	0.312277
6495.84	0.312499
6491.98	0.31185
6488.13	0.312905
6484.27	0.313604
6480.42	0.313105
6476.56	0.312465
6472.71	0.311717
6468.85	0.311306
6465	0.311371
6461.14	0.311799
6457.29	0.311851
6453.43	0.311362
6449.58	0.311995
6445.72	0.312139
6441.87	0.311393
6438.01	0.310333
6434.16	0.310832
6430.3	0.310875
6426.45	0.310301
6422.59	0.310745
6418.74	0.311313
6414.88	0.311252
6411.03	0.311538
6407.17	0.311466
6403.32	0.310977
6399.46	0.310402
6395.61	0.31006
6391.75	0.30942
6387.9	0.309791
6384.04	0.310585
6380.19	0.311543
6376.33	0.31167
6372.48	0.310986
6368.62	0.310875
6364.77	0.311649
6360.92	0.311843
6357.06	0.311136
6353.21	0.310483
6349.35	0.310994
6345.5	0.310931
6341.64	0.310574
6337.79	0.30968
6333.93	0.310271
6330.08	0.311619
6326.22	0.310853
6322.37	0.308982
6318.51	0.308771
6314.66	0.309864
6310.8	0.310009
6306.95	0.309621
6303.09	0.310188
6299.24	0.310031
6295.38	0.309956
6291.53	0.310352
6287.67	0.309886
6283.82	0.309
6279.96	0.307889
6276.11	0.307872
6272.25	0.309694
6268.4	0.309423
6264.54	0.308189
6260.69	0.308591
6256.83	0.309136
6252.98	0.308653
6249.12	0.3083
6245.27	0.307542
6241.41	0.307841
6237.56	0.308379
6233.7	0.30879
6229.85	0.308131
6225.99	0.30855
6222.14	0.309908
6218.28	0.309828
6214.43	0.30948
6210.57	0.309236
6206.72	0.308169
6202.86	0.307968
6199.01	0.308859
6195.15	0.309474
6191.3	0.309114
6187.44	0.308442
6183.59	0.30797
6179.73	0.308353
6175.88	0.30902
6172.02	0.30836
6168.17	0.308125
6164.31	0.308732
6160.46	0.307949
6156.6	0.306468
6152.75	0.306872
6148.89	0.308726
6145.04	0.308661
6141.18	0.307813
6137.33	0.308127
6133.47	0.308518
6129.62	0.30905
6125.76	0.309354
6121.91	0.308713
6118.05	0.308141
6114.2	0.307819
6110.34	0.307053
6106.49	0.3071
6102.63	0.307823
6098.78	0.3079
6094.92	0.308083
6091.07	0.30744
6087.21	0.307159
6083.36	0.307545
6079.5	0.307468
6075.65	0.30746
6071.79	0.307261
6067.94	0.307099
6064.08	0.307197
6060.23	0.306624
6056.37	0.306743
6052.52	0.308232
6048.66	0.309846
6044.81	0.309388
6040.95	0.307294
6037.1	0.306224
6033.24	0.306522
6029.39	0.306376
6025.53	0.306573
6021.68	0.307532
6017.82	0.30817
6013.97	0.307458
6010.11	0.305691
6006.26	0.305266
6002.4	0.306334
5998.55	0.307109
5994.69	0.307466
5990.84	0.307389
5986.98	0.307501
5983.13	0.306923
5979.27	0.305489
5975.42	0.304906
5971.56	0.306434
5967.71	0.307827
5963.85	0.307794
5960	0.307245
5956.14	0.307097
5952.29	0.306331
5948.43	0.305489
5944.58	0.305809
5940.72	0.305562
5936.87	0.305199
5933.01	0.306206
5929.16	0.306401
5925.3	0.30617
5921.45	0.306065
5917.59	0.305818
5913.74	0.305579
5909.88	0.30591
5906.03	0.305986
5902.17	0.306886
5898.32	0.307517
5894.46	0.306798
5890.61	0.305929
5886.75	0.305998
5882.9	0.306634
5879.04	0.306936
5875.19	0.306536
5871.33	0.306036
5867.48	0.306374
5863.62	0.306452
5859.77	0.305077
5855.91	0.304212
5852.06	0.305141
5848.2	0.306277
5844.35	0.306666
5840.49	0.306399
5836.64	0.30613
5832.78	0.306091
5828.93	0.306048
5825.07	0.305829
5821.22	0.306376
5817.36	0.30594
5813.51	0.305583
5809.65	0.305733
5805.8	0.30564
5801.94	0.305907
5798.09	0.306997
5794.23	0.307787
5790.38	0.307571
5786.52	0.306797
5782.67	0.306125
5778.81	0.306125
5774.96	0.305849
5771.1	0.3061
5767.25	0.307003
5763.39	0.306794
5759.54	0.307133
5755.68	0.307463
5751.83	0.306688
5747.97	0.306301
5744.12	0.306248
5740.26	0.305599
5736.41	0.305272
5732.55	0.305513
5728.7	0.305872
5724.84	0.306659
5720.99	0.306812
5717.13	0.306284
5713.28	0.306068
5709.42	0.305909
5705.57	0.305464
5701.71	0.305513
5697.86	0.305942
5694	0.306987
5690.15	0.307323
5686.29	0.306725
5682.44	0.306878
5678.58	0.306664
5674.73	0.306292
5670.87	0.306484
5667.02	0.307049
5663.16	0.307464
5659.31	0.307358
5655.45	0.306729
5651.6	0.306188
5647.74	0.306347
5643.89	0.306679
5640.03	0.3069
5636.18	0.307433
5632.32	0.307918
5628.47	0.307072
5624.61	0.306319
5620.76	0.306915
5616.9	0.307949
5613.05	0.307389
5609.19	0.306903
5605.34	0.307156
5601.48	0.307314
5597.63	0.307043
5593.77	0.307194
5589.92	0.307523
5586.06	0.306865
5582.21	0.306484
5578.35	0.306823
5574.5	0.30711
5570.64	0.307424
5566.79	0.307584
5562.93	0.307416
5559.08	0.307372
5555.22	0.307199
5551.37	0.306369
5547.51	0.305968
5543.66	0.306216
5539.8	0.307192
5535.95	0.307738
5532.09	0.307628
5528.24	0.307591
5524.38	0.307333
5520.53	0.307312
5516.67	0.307103
5512.82	0.307269
5508.96	0.307898
5505.11	0.30719
5501.25	0.306161
5497.4	0.306013
5493.54	0.307029
5489.69	0.307471
5485.83	0.307121
5481.98	0.306496
5478.12	0.306073
5474.27	0.306843
5470.42	0.307239
5466.56	0.306919
5462.71	0.306642
5458.85	0.306793
5455	0.307126
5451.14	0.307328
5447.29	0.307363
5443.43	0.306821
5439.58	0.306827
5435.72	0.307373
5431.87	0.307382
5428.01	0.307497
5424.16	0.308081
5420.3	0.308596
5416.45	0.308083
5412.59	0.307639
5408.74	0.307373
5404.88	0.307531
5401.03	0.30826
5397.17	0.308115
5393.32	0.307756
5389.46	0.307859
5385.61	0.308058
5381.75	0.308488
5377.9	0.309121
5374.04	0.309695
5370.19	0.309978
5366.33	0.310511
5362.48	0.311112
5358.62	0.310994
5354.77	0.311235
5350.91	0.311864
5347.06	0.312415
5343.2	0.313723
5339.35	0.315002
5335.49	0.315241
5331.64	0.315972
5327.78	0.317905
5323.93	0.31969
5320.07	0.320822
5316.22	0.322152
5312.36	0.324042
5308.51	0.32512
5304.65	0.326809
5300.8	0.329644
5296.94	0.332833
5293.09	0.336316
5289.23	0.339236
5285.38	0.342235
5281.52	0.345488
5277.67	0.348633
5273.81	0.352496
5269.96	0.356768
5266.1	0.361149
5262.25	0.364977
5258.39	0.367988
5254.54	0.371236
5250.68	0.373867
5246.83	0.375224
5242.97	0.376825
5239.12	0.378075
5235.26	0.378507
5231.41	0.37833
5227.55	0.377749
5223.7	0.377515
5219.84	0.377438
5215.99	0.375653
5212.13	0.373575
5208.28	0.372208
5204.42	0.371342
5200.57	0.370123
5196.71	0.368063
5192.86	0.36661
5189	0.365624
5185.15	0.364416
5181.29	0.363789
5177.44	0.362628
5173.58	0.361483
5169.73	0.360539
5165.87	0.359623
5162.02	0.359036
5158.16	0.358561
5154.31	0.357723
5150.45	0.35745
5146.6	0.356837
5142.74	0.355617
5138.89	0.354736
5135.03	0.354324
5131.18	0.353837
5127.32	0.354163
5123.47	0.354067
5119.61	0.353401
5115.76	0.352842
5111.9	0.35223
5108.05	0.350805
5104.19	0.349853
5100.34	0.349354
5096.48	0.348773
5092.63	0.348391
5088.77	0.348324
5084.92	0.347801
5081.06	0.346986
5077.21	0.346097
5073.35	0.345375
5069.5	0.345279
5065.64	0.34524
5061.79	0.344576
5057.93	0.34392
5054.08	0.343251
5050.22	0.343093
5046.37	0.342798
5042.51	0.342142
5038.66	0.3413
5034.8	0.340602
5030.95	0.339443
5027.09	0.339269
5023.24	0.339482
5019.38	0.33883
5015.53	0.337528
5011.67	0.337481
5007.82	0.337493
5003.96	0.337042
5000.11	0.336616
4996.25	0.336519
4992.4	0.336049
4988.54	0.335192
4984.69	0.334152
4980.83	0.333874
4976.98	0.333934
4973.12	0.333399
4969.27	0.332595
4965.41	0.332244
4961.56	0.331617
4957.7	0.331307
4953.85	0.330593
4949.99	0.330466
4946.14	0.330111
4942.28	0.329183
4938.43	0.328693
4934.57	0.329486
4930.72	0.329554
4926.86	0.328767
4923.01	0.32801
4919.15	0.327802
4915.3	0.32737
4911.44	0.32712
4907.59	0.327312
4903.73	0.327288
4899.88	0.326812
4896.02	0.326897
4892.17	0.326824
4888.31	0.326931
4884.46	0.326699
4880.6	0.3262
4876.75	0.325393
4872.89	0.325385
4869.04	0.325117
4865.18	0.324511
4861.33	0.324271
4857.47	0.324541
4853.62	0.324756
4849.76	0.324935
4845.91	0.324426
4842.05	0.324199
4838.2	0.323759
4834.34	0.323207
4830.49	0.323246
4826.63	0.323691
4822.78	0.323912
4818.92	0.323872
4815.07	0.323571
4811.21	0.323596
4807.36	0.323571
4803.5	0.323735
4799.65	0.323846
4795.79	0.323758
4791.94	0.32355
4788.08	0.323475
4784.23	0.323633
4780.37	0.324086
4776.52	0.323565
4772.66	0.32307
4768.81	0.323173
4764.95	0.323326
4761.1	0.322719
4757.24	0.321983
4753.39	0.321658
4749.53	0.322
4745.68	0.322
4741.82	0.321846
4737.97	0.321759
4734.11	0.322071
4730.26	0.322153
4726.4	0.321727
4722.55	0.32148
4718.69	0.321643
4714.84	0.321939
4710.98	0.322317
4707.13	0.321624
4703.27	0.321185
4699.42	0.321769
4695.56	0.32242
4691.71	0.322429
4687.85	0.322411
4684	0.322281
4680.15	0.322717
4676.29	0.322766
4672.44	0.322786
4668.58	0.323063
4664.73	0.323576
4660.87	0.324268
4657.02	0.324999
4653.16	0.325733
4649.31	0.326181
4645.45	0.326148
4641.6	0.326842
4637.74	0.327697
4633.89	0.328845
4630.03	0.329827
4626.18	0.330793
4622.32	0.332193
4618.47	0.333161
4614.61	0.333425
4610.76	0.334101
4606.9	0.334605
4603.05	0.335366
4599.19	0.336823
4595.34	0.33818
4591.48	0.339271
4587.63	0.340615
4583.77	0.341987
4579.92	0.343391
4576.06	0.345068
4572.21	0.346806
4568.35	0.34799
4564.5	0.349131
4560.64	0.350331
4556.79	0.351857
4552.93	0.35375
4549.08	0.355278
4545.22	0.356398
4541.37	0.357872
4537.51	0.3596
4533.66	0.361
4529.8	0.361541
4525.95	0.361194
4522.09	0.359184
4518.24	0.356168
4514.38	0.353879
4510.53	0.352255
4506.67	0.350623
4502.82	0.349582
4498.96	0.34851
4495.11	0.347671
4491.25	0.347255
4487.4	0.346656
4483.54	0.346507
4479.69	0.346781
4475.83	0.346827
4471.98	0.346511
4468.12	0.345955
4464.27	0.34603
4460.41	0.346054
4456.56	0.345815
4452.7	0.345291
4448.85	0.344777
4444.99	0.344597
4441.14	0.344521
4437.28	0.34439
4433.43	0.344254
4429.57	0.3438
4425.72	0.343291
4421.86	0.343322
4418.01	0.343464
4414.15	0.343214
4410.3	0.343278
4406.44	0.343857
4402.59	0.344168
4398.73	0.344365
4394.88	0.344878
4391.02	0.345477
4387.17	0.34602
4383.31	0.346602
4379.46	0.347353
4375.6	0.348062
4371.75	0.348751
4367.89	0.3492
4364.04	0.349738
4360.18	0.349975
4356.33	0.350218
4352.47	0.350797
4348.62	0.351576
4344.76	0.351897
4340.91	0.35228
4337.05	0.352896
4333.2	0.353731
4329.34	0.354461
4325.49	0.35487
4321.63	0.355506
4317.78	0.35664
4313.92	0.357143
4310.07	0.357339
4306.21	0.357754
4302.36	0.358617
4298.5	0.359673
4294.65	0.360826
4290.79	0.361536
4286.94	0.362286
4283.08	0.363401
4279.23	0.364195
4275.37	0.365192
4271.52	0.366433
4267.66	0.367417
4263.81	0.368031
4259.95	0.368432
4256.1	0.368991
4252.24	0.369895
4248.39	0.370864
4244.53	0.370849
4240.68	0.370778
4236.82	0.371359
4232.97	0.371721
4229.11	0.371884
4225.26	0.372365
4221.4	0.373348
4217.55	0.374107
4213.69	0.374519
4209.84	0.375599
4205.98	0.376831
4202.13	0.377591
4198.27	0.37744
4194.42	0.377485
4190.56	0.377846
4186.71	0.378447
4182.85	0.378824
4179	0.379339
4175.14	0.379931
4171.29	0.38022
4167.43	0.380715
4163.58	0.381235
4159.72	0.382024
4155.87	0.382818
4152.01	0.383514
4148.16	0.384174
4144.3	0.385109
4140.45	0.386203
4136.59	0.386842
4132.74	0.387712
4128.88	0.388882
4125.03	0.390014
4121.17	0.391495
4117.32	0.39298
4113.46	0.394215
4109.61	0.395532
4105.75	0.396653
4101.9	0.397839
4098.04	0.398821
4094.19	0.399654
4090.33	0.400299
4086.48	0.400809
4082.62	0.401606
4078.77	0.402379
4074.91	0.402943
4071.06	0.403946
4067.2	0.405031
4063.35	0.405706
4059.49	0.406474
4055.64	0.40737
4051.78	0.408134
4047.93	0.408862
4044.07	0.409502
4040.22	0.410152
4036.36	0.411138
4032.51	0.412232
4028.65	0.41335
4024.8	0.41424
4020.94	0.414781
4017.09	0.415028
4013.23	0.415924
4009.38	0.41694
4005.52	0.417722
4001.67	0.418567
3997.81	0.419255
3993.96	0.419606
3990.1	0.420242
3986.25	0.420961
3982.39	0.421298
3978.54	0.421689
3974.68	0.422641
3970.83	0.423555
3966.97	0.424315
3963.12	0.42479
3959.26	0.42507
3955.41	0.425799
3951.55	0.426413
3947.7	0.426668
3943.84	0.426966
3939.99	0.427225
3936.13	0.42819
3932.28	0.42864
3928.42	0.429124
3924.57	0.429628
3920.71	0.430043
3916.86	0.430376
3913	0.431347
3909.15	0.432372
3905.29	0.433321
3901.44	0.433459
3897.58	0.434467
3893.73	0.435862
3889.88	0.43679
3886.02	0.437312
3882.17	0.437487
3878.31	0.43802
3874.45	0.439354
3870.6	0.439884
3866.75	0.440699
3862.89	0.441581
3859.04	0.443114
3855.18	0.442878
3851.32	0.44323
3847.47	0.445865
3843.62	0.448148
3839.76	0.449164
3835.91	0.449301
3832.05	0.449899
3828.2	0.451807
3824.34	0.45376
3820.49	0.45441
3816.63	0.454632
3812.78	0.456449
3808.92	0.458833
3805.07	0.461926
3801.21	0.464484
3797.36	0.466287
3793.5	0.468356
3789.65	0.471743
3785.79	0.475394
3781.94	0.478998
3778.08	0.482326
3774.23	0.486652
3770.37	0.491669
3766.52	0.496549
3762.66	0.501833
3758.81	0.508465
3754.95	0.514747
3751.1	0.522751
3747.24	0.529797
3743.39	0.536161
3739.53	0.543607
3735.68	0.560243
3731.82	0.575967
3727.97	0.600665
3724.11	0.648047
3720.26	0.705854
3716.4	0.763981
3712.55	0.863355
3708.69	0.961203
3704.84	1.04242
3700.98	1.11903
3697.13	1.14029
3693.27	1.11704
3689.42	1.0807
3685.56	1.0795
3681.71	1.09982
3677.85	1.1416
3674	1.19117
3670.14	1.2339
3666.29	1.26605
3662.43	1.29653
3658.58	1.32969
3654.72	1.35333
3650.87	1.39037
3647.01	1.416
3643.16	1.42816
3639.3	1.44381
3635.45	1.46082
3631.59	1.47769
3627.74	1.50733
3623.88	1.51967
3620.03	1.49816
3616.17	1.46634
3612.32	1.43419
3608.46	1.41122
3604.61	1.40152
3600.75	1.39175
3596.9	1.38044
3593.04	1.37218
3589.19	1.3597
3585.33	1.34609
3581.48	1.33954
3577.62	1.33528
3573.77	1.33169
3569.91	1.32615
3566.06	1.31886
3562.2	1.3146
3558.35	1.31146
3554.49	1.30734
3550.64	1.30423
3546.78	1.3018
3542.93	1.29814
3539.07	1.29607
3535.22	1.29782
3531.36	1.29872
3527.51	1.29522
3523.65	1.29346
3519.8	1.29731
3515.94	1.30063
3512.09	1.30005
3508.23	1.30194
3504.38	1.30586
3500.52	1.3102
3496.67	1.3133
3492.81	1.31404
3488.96	1.31547
3485.1	1.31726
3481.25	1.31798
3477.39	1.32047
3473.54	1.3246
3469.68	1.32942
3465.83	1.33103
3461.97	1.33277
3458.12	1.33598
3454.26	1.33618
3450.41	1.33557
3446.55	1.33947
3442.7	1.34245
3438.84	1.34257
3434.99	1.34298
3431.13	1.34392
3427.28	1.34481
3423.42	1.34496
3419.57	1.34364
3415.71	1.34345
3411.86	1.34377
3408	1.34486
3404.15	1.34391
3400.29	1.34271
3396.44	1.34003
3392.58	1.3401
3388.73	1.33713
3384.87	1.33461
3381.02	1.33213
3377.16	1.32903
3373.31	1.32697
3369.45	1.32475
3365.6	1.32175
3361.74	1.3187
3357.89	1.31412
3354.03	1.31161
3350.18	1.30918
3346.32	1.30579
3342.47	1.30145
3338.61	1.2965
3334.76	1.29212
3330.9	1.28918
3327.05	1.28542
3323.19	1.28254
3319.34	1.2785
3315.48	1.27531
3311.63	1.27403
3307.77	1.27392
3303.92	1.27037
3300.06	1.26529
3296.21	1.2621
3292.35	1.25974
3288.5	1.25661
3284.64	1.2544
3280.79	1.25084
3276.93	1.24823
3273.08	1.24704
3269.22	1.24506
3265.37	1.24192
3261.51	1.2401
3257.66	1.23672
3253.8	1.2337
3249.95	1.23184
3246.09	1.22905
3242.24	1.22485
3238.38	1.22167
3234.53	1.21819
3230.67	1.21367
3226.82	1.20926
3222.96	1.2059
3219.11	1.2007
3215.25	1.19362
3211.4	1.18671
3207.54	1.18171
3203.69	1.17562
3199.83	1.16937
3195.98	1.16562
3192.12	1.16112
3188.27	1.15413
3184.41	1.14594
3180.56	1.13743
3176.7	1.13133
3172.85	1.12639
3168.99	1.1201
3165.14	1.11265
3161.28	1.10589
3157.43	1.09967
3153.57	1.09428
3149.72	1.08689
3145.86	1.07882
3142.01	1.0723
3138.15	1.066
3134.3	1.05866
3130.44	1.05034
3126.59	1.04156
3122.73	1.03568
3118.88	1.02994
3115.02	1.0238
3111.17	1.01671
3107.31	1.00914
3103.46	1.0002
3099.6	0.993286
3095.75	0.987345
3091.89	0.98204
3088.04	0.975329
3084.19	0.968204
3080.33	0.961558
3076.47	0.955072
3072.62	0.947555
3068.76	0.940504
3064.91	0.933709
3061.06	0.926987
3057.2	0.919811
3053.34	0.914301
3049.49	0.908121
3045.63	0.902591
3041.78	0.895992
3037.93	0.887866
3034.07	0.879696
3030.21	0.874341
3026.36	0.869392
3022.5	0.863054
3018.65	0.856339
3014.8	0.851539
3010.94	0.84586
3007.08	0.839391
3003.23	0.834241
2999.38	0.829923
2995.52	0.824592
2991.67	0.819419
2987.81	0.814321
2983.96	0.811048
2980.1	0.806873
2976.25	0.802293
2972.39	0.79758
2968.54	0.792957
2964.68	0.789159
2960.83	0.785787
2956.97	0.7819
2953.12	0.778926
2949.26	0.776325
2945.41	0.773647
2941.55	0.769364
2937.7	0.766139
2933.84	0.764465
2929.99	0.762046
2926.13	0.758392
2922.28	0.753902
2918.42	0.747446
2914.57	0.739268
2910.71	0.731578
2906.86	0.725363
2903	0.719923
2899.15	0.714965
2895.29	0.710452
2891.44	0.705873
2887.58	0.701214
2883.73	0.697132
2879.87	0.693605
2876.02	0.690355
2872.16	0.686767
2868.31	0.683077
2864.45	0.680519
2860.6	0.679241
2856.74	0.67779
2852.89	0.674652
2849.03	0.667854
2845.18	0.659659
2841.32	0.653782
2837.47	0.649285
2833.61	0.644604
2829.76	0.640232
2825.9	0.636509
2822.05	0.63306
2818.19	0.629671
2814.34	0.626573
2810.48	0.623444
2806.63	0.620136
2802.77	0.617084
2798.92	0.614006
2795.06	0.61088
2791.21	0.607968
2787.35	0.604667
2783.5	0.601933
2779.64	0.599634
2775.79	0.597107
2771.93	0.594371
2768.08	0.591608
2764.22	0.589032
2760.37	0.586818
2756.51	0.584336
2752.66	0.582027
2748.8	0.579761
2744.95	0.577413
2741.09	0.575429
2737.24	0.573376
2733.38	0.570968
2729.53	0.569071
2725.67	0.567397
2721.82	0.56532
2717.96	0.563088
2714.11	0.56108
2710.25	0.559041
2706.4	0.556971
2702.54	0.555113
2698.69	0.553303
2694.83	0.551521
2690.98	0.549901
2687.12	0.54814
2683.27	0.546404
2679.41	0.544626
2675.56	0.542872
2671.7	0.54095
2667.85	0.538947
2663.99	0.537177
2660.14	0.53574
2656.28	0.534121
2652.43	0.53243
2648.57	0.530843
2644.72	0.529605
2640.86	0.528254
2637.01	0.526617
2633.15	0.525476
2629.3	0.52465
2625.44	0.523489
2621.59	0.522302
2617.73	0.521383
2613.88	0.520409
2610.02	0.519304
2606.17	0.518577
2602.31	0.517994
2598.46	0.517183
2594.6	0.516442
2590.75	0.515701
2586.89	0.515077
2583.04	0.514496
2579.18	0.513839
2575.33	0.513213
2571.47	0.512631
2567.62	0.512253
2563.76	0.511856
2559.91	0.511455
2556.05	0.511331
2552.2	0.51132
2548.34	0.511197
2544.49	0.511301
2540.63	0.511434
2536.78	0.51149
2532.92	0.511839
2529.07	0.512249
2525.21	0.512767
2521.36	0.513255
2517.5	0.513467
2513.65	0.513709
2509.79	0.514213
2505.94	0.514568
2502.08	0.514905
2498.23	0.515344
2494.37	0.515906
2490.52	0.51633
2486.66	0.516969
2482.81	0.517654
2478.95	0.518119
2475.1	0.51877
2471.24	0.519537
2467.39	0.52004
2463.53	0.520667
2459.68	0.521598
2455.82	0.522677
2451.97	0.523426
2448.11	0.524203
2444.26	0.525437
2440.4	0.52664
2436.55	0.527639
2432.69	0.528713
2428.84	0.530028
2424.98	0.531078
2421.13	0.532019
2417.27	0.533198
2413.42	0.534302
2409.56	0.53545
2405.71	0.536548
2401.85	0.537784
2398	0.539172
2394.14	0.540399
2390.29	0.541525
2386.43	0.542547
2382.58	0.543859
2378.72	0.545588
2374.87	0.546451
2371.01	0.547783
2367.16	0.549914
2363.3	0.550662
2359.45	0.552172
2355.59	0.55356
2351.74	0.555303
2347.88	0.55635
2344.03	0.557324
2340.17	0.559091
2336.32	0.559077
2332.46	0.55948
2328.61	0.561671
2324.75	0.562892
2320.9	0.563768
2317.04	0.564636
2313.19	0.565652
2309.33	0.567102
2305.48	0.568832
2301.62	0.570655
2297.77	0.572244
2293.91	0.574427
2290.06	0.576686
2286.2	0.579156
2282.35	0.581467
2278.5	0.58361
2274.64	0.585935
2270.78	0.588424
2266.93	0.590656
2263.07	0.592786
2259.22	0.594829
2255.37	0.596853
2251.51	0.599086
2247.65	0.601604
2243.8	0.603987
2239.94	0.606046
2236.09	0.606953
2232.24	0.607388
2228.38	0.607658
2224.52	0.607753
2220.67	0.607524
2216.81	0.607024
2212.96	0.606494
2209.11	0.606429
2205.25	0.606645
2201.4	0.607405
2197.54	0.608538
2193.69	0.609962
2189.83	0.611297
2185.98	0.613075
2182.12	0.614952
2178.27	0.617081
2174.41	0.619296
2170.56	0.621778
2166.7	0.624291
2162.85	0.627056
2158.99	0.630294
2155.14	0.633827
2151.28	0.636705
2147.43	0.639809
2143.57	0.642772
2139.72	0.645493
2135.86	0.647062
2132.01	0.647382
2128.15	0.64735
2124.3	0.648122
2120.44	0.64942
2116.59	0.651028
2112.73	0.652804
2108.88	0.654934
2105.02	0.657176
2101.17	0.659704
2097.31	0.661624
2093.46	0.663369
2089.6	0.664885
2085.75	0.666722
2081.89	0.668468
2078.04	0.670178
2074.18	0.672126
2070.33	0.675515
2066.47	0.679156
2062.62	0.683593
2058.76	0.688628
2054.91	0.694814
2051.05	0.7021
2047.2	0.711697
2043.34	0.723145
2039.49	0.73493
2035.63	0.744979
2031.78	0.75257
2027.92	0.757785
2024.07	0.763486
2020.21	0.771623
2016.36	0.78249
2012.5	0.793731
2008.65	0.803753
2004.79	0.810618
2000.94	0.81518
1997.08	0.817914
1993.23	0.819864
1989.37	0.821761
1985.52	0.823156
1981.66	0.823879
1977.81	0.825043
1973.95	0.8254
1970.1	0.824964
1966.24	0.823546
1962.39	0.823201
1958.53	0.825271
1954.68	0.828713
1950.82	0.831221
1946.97	0.833484
1943.11	0.835194
1939.26	0.837723
1935.4	0.839797
1931.55	0.841784
1927.69	0.844672
1923.84	0.850823
1919.98	0.860988
1916.13	0.873602
1912.27	0.888319
1908.42	0.904998
1904.56	0.919659
1900.71	0.93257
1896.85	0.944359
1893	0.956044
1889.14	0.965239
1885.29	0.971773
1881.43	0.97694
1877.58	0.981893
1873.72	0.985319
1869.87	0.985988
1866.01	0.983011
1862.16	0.975469
1858.3	0.963274
1854.45	0.951271
1850.59	0.941182
1846.74	0.932706
1842.88	0.928913
1839.03	0.929941
1835.17	0.933323
1831.32	0.939984
1827.46	0.947663
1823.61	0.955747
1819.75	0.964143
1815.9	0.97327
1812.04	0.982658
1808.19	0.991503
1804.33	0.999392
1800.48	1.0067
1796.62	1.00994
1792.77	1.0117
1788.91	1.01154
1785.06	1.01048
1781.2	1.00769
1777.35	1.00553
1773.49	0.999657
1769.64	0.994494
1765.78	0.991162
1761.93	0.991335
1758.07	0.993027
1754.22	0.997694
1750.36	1.00484
1746.51	1.01361
1742.65	1.02292
1738.8	1.03487
1734.94	1.04907
1731.09	1.06224
1727.23	1.07417
1723.38	1.08879
1719.52	1.11119
1715.67	1.13341
1711.81	1.14944
1707.96	1.17346
1704.1	1.20195
1700.25	1.24312
1696.39	1.27035
1692.54	1.29013
1688.68	1.31544
1684.83	1.35206
1680.97	1.3744
1677.12	1.39337
1673.26	1.4136
1669.41	1.4317
1665.55	1.4511
1661.7	1.4697
1657.84	1.48415
1653.99	1.5059
1650.13	1.52197
1646.28	1.52826
1642.42	1.52802
1638.57	1.5267
1634.71	1.52311
1630.86	1.51072
1627	1.48706
1623.15	1.46418
1619.29	1.44055
1615.44	1.4182
1611.58	1.39712
1607.73	1.37568
1603.87	1.35842
1600.02	1.34112
1596.16	1.3232
1592.31	1.30513
1588.45	1.29044
1584.6	1.27876
1580.74	1.26819
1576.89	1.2565
1573.03	1.24695
1569.18	1.23795
1565.32	1.23593
1561.47	1.23131
1557.61	1.22597
1553.76	1.22498
1549.9	1.22728
1546.05	1.23104
1542.19	1.24489
1538.34	1.25212
1534.48	1.25958
1530.63	1.2631
1526.77	1.26581
1522.92	1.26543
1519.06	1.26598
1515.21	1.2681
1511.35	1.27181
1507.5	1.26928
1503.64	1.27109
1499.79	1.27825
1495.93	1.28493
1492.08	1.2875
1488.22	1.2909
1484.37	1.29622
1480.51	1.30205
1476.66	1.30877
1472.8	1.31575
1468.95	1.32052
1465.09	1.32573
1461.24	1.3333
1457.38	1.34161
1453.53	1.34539
1449.67	1.35208
1445.82	1.35965
1441.96	1.36909
1438.11	1.37961
1434.25	1.38818
1430.4	1.3988
1426.54	1.40769
1422.69	1.4167
1418.83	1.42368
1414.98	1.42573
1411.12	1.4321
1407.27	1.44414
1403.41	1.4539
1399.56	1.46467
1395.71	1.47407
1391.85	1.48365
1388	1.49415
1384.14	1.5036
1380.29	1.51299
1376.43	1.52171
1372.58	1.53053
1368.72	1.53913
1364.87	1.54918
1361.01	1.55555
1357.16	1.55947
1353.3	1.56876
1349.45	1.57743
1345.59	1.58292
1341.74	1.58777
1337.88	1.59252
1334.03	1.6001
1330.17	1.60673
1326.32	1.60691
1322.46	1.60768
1318.61	1.6105
1314.75	1.61049
1310.9	1.60707
1307.04	1.60416
1303.19	1.60016
1299.33	1.5961
1295.48	1.59145
1291.62	1.58787
1287.77	1.58625
1283.91	1.58248
1280.06	1.57028
1276.2	1.55198
1272.35	1.52774
1268.49	1.50134
1264.64	1.47107
1260.78	1.44159
1256.93	1.41253
1253.07	1.38619
1249.22	1.36421
1245.36	1.33964
1241.51	1.31328
1237.65	1.28744
1233.8	1.25927
1229.94	1.23599
1226.09	1.22294
1222.23	1.21836
1218.38	1.22164
1214.52	1.23196
1210.67	1.24443
1206.81	1.25647
1202.96	1.26784
1199.1	1.27845
1195.25	1.29072
1191.39	1.30428
1187.54	1.31379
1183.68	1.31874
1179.83	1.32231
1175.97	1.32975
1172.12	1.34338
1168.26	1.36867
1164.41	1.39779
1160.55	1.40091
1156.7	1.38043
1152.84	1.36576
1148.99	1.35988
1145.13	1.35858
1141.28	1.35397
1137.42	1.35099
1133.57	1.35517
1129.71	1.36699
1125.86	1.37736
1122	1.38585
1118.15	1.39387
1114.29	1.39992
1110.44	1.39944
1106.58	1.39373
1102.73	1.38843
1098.87	1.38455
1095.02	1.37661
1091.16	1.36886
1087.31	1.36494
1083.45	1.3635
1079.6	1.36095
1075.74	1.35445
1071.89	1.34838
1068.03	1.35041
1064.18	1.35925
1060.32	1.36344
1056.47	1.36058
1052.61	1.36026
1048.76	1.36658
1044.9	1.37635
1041.05	1.38866
1037.19	1.40559
1033.34	1.42679
1029.48	1.44623
1025.63	1.45422
1021.77	1.46487
1017.92	1.47522
1014.06	1.4776
1010.21	1.47812
1006.35	1.48404
1002.5	1.49213
998.643	1.49807
994.788	1.50533
990.932	1.50856
987.077	1.50911
983.223	1.51487
979.368	1.52111
975.513	1.5163
971.658	1.51407
967.803	1.51829
963.947	1.5148
960.093	1.5107
956.238	1.51487
952.383	1.51833
948.528	1.51719
944.673	1.52023
940.817	1.52553
936.963	1.52535
933.108	1.53059
929.253	1.54787
925.398	1.5544
921.543	1.55137
917.688	1.54962
913.833	1.54265
909.978	1.52335
906.123	1.50195
902.268	1.48063
898.413	1.46685
894.558	1.46487
890.703	1.46943
886.848	1.46927
882.993	1.47006
879.138	1.46669
875.283	1.45675
871.428	1.44852
867.573	1.44119
863.718	1.43926
859.863	1.44402
856.008	1.45522
852.153	1.47475
848.298	1.49637
844.443	1.52053
840.588	1.54536
836.733	1.5718
832.878	1.60118
829.023	1.63741
825.168	1.6699
821.314	1.69669
817.458	1.72457
813.604	1.7399
809.749	1.72884
805.894	1.70921
802.039	1.70899
798.184	1.72623
794.329	1.73997
790.474	1.71986
786.619	1.679
782.764	1.65433
778.909	1.65996
775.054	1.67472
771.199	1.6838
767.344	1.6936
763.489	1.69907
759.634	1.70791
755.779	1.71071
751.924	1.71281
748.069	1.71272
744.214	1.71473
740.359	1.70829
736.504	1.69535
732.649	1.7062
728.794	1.71504
724.939	1.69902
721.084	1.68966
717.229	1.70274
713.374	1.7354
709.519	1.76899
705.665	1.80782
701.81	1.83786
697.954	1.82741
694.099	1.79648
690.244	1.78771
686.389	1.80431
682.535	1.7993
678.68	1.76443
674.824	1.77089
670.969	1.80615
667.114	1.77881
663.259	1.77907
659.405	1.79632
655.55	1.78309
651.695	1.77037
647.839	1.77387
643.984	1.7825
640.129	1.79348
636.275	1.823
632.42	1.82726
628.565	1.82821
624.709	1.80199
620.854	1.75227
617	1.7275
613.145	1.71551
609.29	1.68188
605.435	1.66653
601.58	1.66277
597.725	1.65605
593.87	1.66941
590.015	1.66707
586.16	1.62374
582.305	1.58974
578.45	1.61049
574.595	1.63239
570.74	1.63191
566.885	1.62573
563.03	1.61
559.175	1.59925
555.32	1.59713
551.465	1.54801
547.61	1.48983
543.755	1.47029
539.9	1.47017
536.045	1.49048
532.19	1.47244
528.335	1.51332
524.48	1.50973
520.625	1.54682
516.771	1.55293
512.916	1.58984
509.061	1.64041
505.206	1.57471
501.35	1.49939
497.496	1.45432
493.641	1.42382
489.786	1.44117
485.931	1.40127
482.076	1.36851
478.22	1.36193
474.366	1.36388
470.511	1.38236
466.656	1.36133
462.801	1.31012
458.946	1.32905
455.09	1.37698
451.236	1.36013
447.381	1.3815
443.526	1.39266
439.671	1.32061
435.816	1.29866
431.96	1.33777
428.106	1.34608
424.251	1.35465
420.396	1.36783
416.541	1.34766
412.686	1.41195
408.831	1.57067
404.976	2.0022
